index x y z nwat occupancy Esw EswLJ EswElec Eww EwwLJ EwwElec Etot Ewwnbr TSsw TSww TStot Nnbrs Nhbww Nhbsw Nhbtot f_hb_ww f_enc Acc_ww Don_ww Acc_sw Don_sw solute_acceptors solute_donors
0 43.17 40.74 44.67 13 0.13 0.000000 0.000000 0.000000 -10.136031 1.425994 -11.562025 -10.136031 -1.587078 0.000000 0.000000 0.000000 4.692308 3.153846 0.000000 3.153846 0.000000 0.139194 1.615385 1.538462 0.000000 0.000000  HOH0-H1,HOH0-H2,HOH0-EP1,HOH1-O
1 45.05 43.35 42.21 11 0.11 0.000000 0.000000 0.000000 -9.786137 1.412049 -11.198186 -9.786137 -1.770971 0.000000 0.000000 0.000000 4.363636 3.272727 0.000000 3.272727 0.000000 0.181818 1.636364 1.636364 0.000000 0.000000  HOH0-H1,HOH0-H2
2 40.52 37.97 39.92 14 0.14 0.000000 0.000000 0.000000 -9.691579 2.143277 -11.834856 -9.691579 -1.731670 0.000000 0.000000 0.000000 4.357143 3.357143 0.000000 3.357143 0.000000 0.180272 1.857143 1.500000 0.000000 0.000000  HOH0-H1
3 37.45 38.93 43.89 14 0.14 0.000000 0.000000 0.000000 -9.379406 1.516810 -10.896217 -9.379406 -1.375802 0.000000 0.000000 0.000000 5.285714 3.000000 0.000000 3.000000 0.000000 0.095238 1.642857 1.357143 0.000000 0.000000  HOH0-H1,HOH0-H2,HOH1-O
4 42.11 37.94 44.21 17 0.17 0.000000 0.000000 0.000000 -9.630475 1.773942 -11.404417 -9.630475 -1.600354 0.000000 0.000000 0.000000 4.764706 3.411765 0.000000 3.411765 0.000000 0.128852 1.823529 1.588235 0.000000 0.000000  HOH0-H1,HOH0-H2
5 39.21 43.63 44.36 16 0.16 0.000000 0.000000 0.000000 -10.201576 1.843401 -12.044978 -10.201576 -1.555939 0.000000 0.000000 0.000000 4.750000 3.437500 0.000000 3.437500 0.000000 0.142857 1.687500 1.750000 0.000000 0.000000  HOH0-H1,HOH0-H2
6 38.61 39.03 38.73 14 0.14 0.000000 0.000000 0.000000 -9.617603 1.750276 -11.367880 -9.617603 -1.210760 0.000000 0.000000 0.000000 5.571429 3.285714 0.000000 3.285714 0.000000 0.051020 1.642857 1.642857 0.000000 0.000000  HOH0-H1,HOH0-H2
7 38.80 43.02 37.38 6 0.06 0.000000 0.000000 0.000000 -9.957128 2.030359 -11.987487 -9.957128 -1.222718 0.000000 0.000000 0.000000 6.166667 3.666667 0.000000 3.666667 0.000000 0.015873 1.833333 1.833333 0.000000 0.000000  HOH0-H1,HOH0-H2,HOH0-EP1
8 39.15 43.21 40.02 9 0.09 0.000000 0.000000 0.000000 -9.208637 3.093251 -12.301888 -9.208637 -1.239198 0.000000 0.000000 0.000000 5.222222 3.333333 0.000000 3.333333 0.000000 0.074074 1.666667 1.666667 0.000000 0.000000  HOH0-H1,HOH0-H2
9 39.95 40.66 37.17 11 0.11 0.000000 0.000000 0.000000 -8.985966 1.674386 -10.660352 -8.985966 -1.343836 0.000000 0.000000 0.000000 5.090909 2.909091 0.000000 2.909091 0.000000 0.099567 1.363636 1.545455 0.000000 0.000000  HOH0-H1,HOH0-H2,HOH0-EP1
