index x y z nwat occupancy Esw EswLJ EswElec Eww EwwLJ EwwElec Etot Ewwnbr TSsw TSww TStot Nnbrs Nhbww Nhbsw Nhbtot f_hb_ww f_enc Acc_ww Don_ww Acc_sw Don_sw solute_acceptors solute_donors
0 43.17 40.74 44.67 12 0.12 0.000000 0.000000 0.000000 -9.263073 1.493989 -10.757061 -9.263073 -1.326402 0.000000 0.000000 0.000000 5.666667 3.250000 0.000000 3.250000 0.000000 0.051587 1.500000 1.750000 0.000000 0.000000  HOH0-H1,HOH0-H2
1 45.05 43.35 42.21 9 0.09 0.000000 0.000000 0.000000 -10.802932 1.812769 -12.615701 -10.802932 -1.864105 0.000000 0.000000 0.000000 4.444444 3.666667 0.000000 3.666667 0.000000 0.169312 1.777778 1.888889 0.000000 0.000000  HOH0-H1
2 40.52 37.97 39.92 10 0.10 0.000000 0.000000 0.000000 -10.160164 2.254497 -12.414662 -10.160164 -1.437152 0.000000 0.000000 0.000000 5.100000 3.700000 0.000000 3.700000 0.000000 0.123810 1.800000 1.900000 0.000000 0.000000  HOH0-H1,HOH0-H2
3 37.45 38.93 43.89 14 0.14 0.000000 0.000000 0.000000 -8.626141 1.237308 -9.863449 -8.626141 -1.236962 0.000000 0.000000 0.000000 5.142857 3.214286 0.000000 3.214286 0.000000 0.091837 1.785714 1.428571 0.000000 0.000000  HOH0-H1,HOH0-H2,HOH0-EPW
4 42.11 37.94 44.21 12 0.12 0.000000 0.000000 0.000000 -9.868753 1.246579 -11.115332 -9.868753 -1.390118 0.000000 0.000000 0.000000 5.250000 3.666667 0.000000 3.666667 0.000000 0.051587 1.916667 1.750000 0.000000 0.000000  HOH0-H1,HOH0-H2
5 39.21 43.63 44.36 12 0.12 0.000000 0.000000 0.000000 -10.349649 1.730199 -12.079848 -10.349649 -1.523960 0.000000 0.000000 0.000000 5.583333 3.750000 0.000000 3.750000 0.000000 0.087302 1.916667 1.833333 0.000000 0.000000  HOH0-H1,HOH0-H2
6 38.61 39.03 38.73 17 0.17 0.000000 0.000000 0.000000 -10.003518 2.218025 -12.221543 -10.003518 -1.476311 0.000000 0.000000 0.000000 5.000000 3.529412 0.000000 3.529412 0.000000 0.106443 1.823529 1.705882 0.000000 0.000000  HOH0-H1,HOH0-H2
7 38.80 43.02 37.38 13 0.13 0.000000 0.000000 0.000000 -9.604962 1.935560 -11.540522 -9.604962 -1.442192 0.000000 0.000000 0.000000 5.076923 3.384615 0.000000 3.384615 0.000000 0.076923 1.846154 1.538462 0.000000 0.000000  HOH0-H1,HOH0-H2,HOH1-H1
8 39.15 43.21 40.02 8 0.08 0.000000 0.000000 0.000000 -9.687000 1.805451 -11.492451 -9.687000 -1.445475 0.000000 0.000000 0.000000 5.375000 3.500000 0.000000 3.500000 0.000000 0.047619 1.625000 1.875000 0.000000 0.000000  HOH0-H1,HOH0-EPW
9 39.95 40.66 37.17 22 0.22 0.000000 0.000000 0.000000 -10.740306 2.361620 -13.101926 -10.740306 -1.639419 0.000000 0.000000 0.000000 5.000000 3.863636 0.000000 3.863636 0.000000 0.103896 1.909091 1.954545 0.000000 0.000000  HOH0-H1,HOH0-H2
