index x y z nwat occupancy Esw EswLJ EswElec Eww EwwLJ EwwElec Etot Ewwnbr TSsw TSww TStot Nnbrs Nhbww Nhbsw Nhbtot f_hb_ww f_enc Acc_ww Don_ww Acc_sw Don_sw solute_acceptors solute_donors
0 43.17 40.74 44.67 14 0.14 0.000000 0.000000 0.000000 -10.586838 2.320468 -12.907306 -10.586838 -1.606698 0.000000 0.000000 0.000000 5.142857 3.571429 0.000000 3.571429 0.000000 0.102041 1.785714 1.785714 0.000000 0.000000  HOH0-H1,HOH0-H2
1 45.05 43.35 42.21 19 0.19 0.000000 0.000000 0.000000 -10.845228 2.031997 -12.877224 -10.845228 -1.675661 0.000000 0.000000 0.000000 5.157895 3.578947 0.000000 3.578947 0.000000 0.090226 1.842105 1.736842 0.000000 0.000000  HOH0-H1,HOH0-H2,HOH0-EPW
2 40.52 37.97 39.92 16 0.16 0.000000 0.000000 0.000000 -11.163258 1.857978 -13.021236 -11.163258 -1.605500 0.000000 0.000000 0.000000 5.500000 3.812500 0.000000 3.812500 0.000000 0.068452 2.187500 1.625000 0.000000 0.000000  HOH0-H1,HOH0-H2,HOH0-EPW
3 37.45 38.93 43.89 18 0.18 0.000000 0.000000 0.000000 -11.309043 2.113819 -13.422862 -11.309043 -1.543373 0.000000 0.000000 0.000000 5.222222 3.666667 0.000000 3.666667 0.000000 0.063492 1.888889 1.777778 0.000000 0.000000  HOH0-H1,HOH0-H2,HOH0-EPW
4 42.11 37.94 44.21 18 0.18 0.000000 0.000000 0.000000 -11.684565 2.581947 -14.266512 -11.684565 -1.755545 0.000000 0.000000 0.000000 5.111111 3.722222 0.000000 3.722222 0.000000 0.087302 1.888889 1.833333 0.000000 0.000000  HOH0-H1,HOH0-H2
5 39.21 43.63 44.36 17 0.17 0.000000 0.000000 0.000000 -11.500316 1.900969 -13.401284 -11.500316 -1.763088 0.000000 0.000000 0.000000 4.705882 3.647059 0.000000 3.647059 0.000000 0.137255 1.764706 1.882353 0.000000 0.000000  HOH0-H1,HOH0-H2,HOH0-EPW
6 38.61 39.03 38.73 13 0.13 0.000000 0.000000 0.000000 -11.508956 2.127151 -13.636107 -11.508956 -1.924158 0.000000 0.000000 0.000000 4.769231 3.769231 0.000000 3.769231 0.000000 0.135531 1.846154 1.923077 0.000000 0.000000  HOH0-H1,HOH0-H2
7 38.80 43.02 37.38 7 0.07 0.000000 0.000000 0.000000 -10.974424 1.881713 -12.856137 -10.974424 -1.515797 0.000000 0.000000 0.000000 5.428571 3.285714 0.000000 3.285714 0.000000 0.047619 1.857143 1.428571 0.000000 0.000000  HOH0-H1,HOH0-H2,HOH1-H2
8 39.15 43.21 40.02 23 0.23 0.000000 0.000000 0.000000 -11.464668 2.164566 -13.629234 -11.464668 -1.786915 0.000000 0.000000 0.000000 4.826087 3.652174 0.000000 3.652174 0.000000 0.130435 1.782609 1.869565 0.000000 0.000000  HOH0-H1,HOH0-H2,HOH0-EPW
9 39.95 40.66 37.17 12 0.12 0.000000 0.000000 0.000000 -11.912283 2.287235 -14.199518 -11.912283 -1.814254 0.000000 0.000000 0.000000 5.000000 3.833333 0.000000 3.833333 0.000000 0.095238 1.916667 1.916667 0.000000 0.000000  HOH0-H1,HOH0-H2
