index x y z nwat occupancy Esw EswLJ EswElec Eww EwwLJ EwwElec Etot Ewwnbr TSsw TSww TStot Nnbrs Nhbww Nhbsw Nhbtot f_hb_ww f_enc Acc_ww Don_ww Acc_sw Don_sw solute_acceptors solute_donors
0 43.17 40.74 44.67 0 0.00 0.000000 0.000000 0.000000 0.000000 0.000000 0.000000 0.000000 0.000000 0.000000 0.000000 0.000000 0.000000 0.000000 0.000000 0.000000 0.000000 0.000000 0.000000 0.000000 0.000000 0.000000  
1 45.05 43.35 42.21 0 0.00 0.000000 0.000000 0.000000 0.000000 0.000000 0.000000 0.000000 0.000000 0.000000 0.000000 0.000000 0.000000 0.000000 0.000000 0.000000 0.000000 0.000000 0.000000 0.000000 0.000000 0.000000  
2 40.52 37.97 39.92 22 0.22 0.000000 0.000000 0.000000 -8.980328 1.634830 -10.615158 -8.980328 -1.238499 0.000000 0.000000 0.000000 5.318182 3.272727 0.000000 3.272727 0.000000 0.069264 1.590909 1.681818 0.000000 0.000000  HOH0-H1,HOH0-H2
3 37.45 38.93 43.89 1 0.01 0.000000 0.000000 0.000000 -7.820712 -0.096667 -7.724045 -7.820712 -0.956718 0.000000 0.000000 0.000000 5.000000 4.000000 0.000000 4.000000 0.000000 0.047619 2.000000 2.000000 0.000000 0.000000  HOH0-H1
4 42.11 37.94 44.21 0 0.00 0.000000 0.000000 0.000000 0.000000 0.000000 0.000000 0.000000 0.000000 0.000000 0.000000 0.000000 0.000000 0.000000 0.000000 0.000000 0.000000 0.000000 0.000000 0.000000 0.000000 0.000000  
5 39.21 43.63 44.36 0 0.00 0.000000 0.000000 0.000000 0.000000 0.000000 0.000000 0.000000 0.000000 0.000000 0.000000 0.000000 0.000000 0.000000 0.000000 0.000000 0.000000 0.000000 0.000000 0.000000 0.000000 0.000000  
6 38.61 39.03 38.73 15 0.15 0.000000 0.000000 0.000000 -8.405632 1.448863 -9.854495 -8.405632 -1.200532 0.000000 0.000000 0.000000 5.266667 3.133333 0.000000 3.133333 0.000000 0.126984 1.666667 1.466667 0.000000 0.000000  HOH0-H1,HOH0-H2,HOH1-O
7 38.80 43.02 37.38 6 0.06 0.000000 0.000000 0.000000 -9.101695 1.456297 -10.557993 -9.101695 -1.356198 0.000000 0.000000 0.000000 5.000000 3.333333 0.000000 3.333333 0.000000 0.095238 2.000000 1.333333 0.000000 0.000000  HOH0-H1,HOH0-H2
8 39.15 43.21 40.02 3 0.03 0.000000 0.000000 0.000000 -9.763628 1.049423 -10.813051 -9.763628 -1.308550 0.000000 0.000000 0.000000 5.666667 3.000000 0.000000 3.000000 0.000000 0.031746 1.333333 1.666667 0.000000 0.000000  HOH0-H1,HOH0-H2
9 39.95 40.66 37.17 17 0.17 0.000000 0.000000 0.000000 -9.546569 1.682025 -11.228595 -9.546569 -1.260739 0.000000 0.000000 0.000000 5.470588 3.176471 0.000000 3.176471 0.000000 0.058824 1.647059 1.529412 0.000000 0.000000  HOH0-H1,HOH0-H2,HOH1-O
